GENERATION_SIZE = 8
MATING_POOL_SIZE = 5
OLD_GENERATION = 3
FITNESS_FACTOR = 0.7

[[[0, 0, -2.2608634487124868e-13, 0, 0, -1.7818201147874334e-15, 0, 0, 0, 0, 0], 1755829966853.6807, 2152896314693.9707, 3381977291491.547], [[0.0, 0.0, -1.9345909439637096e-13, 0.0, 0.0, -1.6587598654943387e-15, 0.0, 0.0, 0.0, -2.364767917444848e-09, 0.0], 2855983928135.503, 1846353728756.4355, 3845542478451.287], [[0, 0, -2.1988488647294413e-13, 0, 0, 0, 8.068709083260226e-16, 0, 0, 0, 0], 2031280283262.1824, 3624979221727.693, 5046875420011.221], [[0.0, -2.569361740828404e-13, -2.2677020139497484e-13, 0.0, 0.0, -1.6469333823456224e-15, 1.649103654638205e-16, 0.0, -3.4709880997896415e-07, 0.0, 0.0], 10292722474758.305, 13688858337703.664, 20893764070034.477], [[0, 0, -2.415903225490085e-13, 0, 0, -1.7406624125272973e-15, 8.913975459169505e-16, 0, -1.944889701878946e-06, 0, 1.0128701407508952e-09], 16245836590553.176, 35152862353586.35, 46524947966973.58], [[0.0, 0.0, -2.5836714666557256e-13, 0.0, 0.0, -1.7427624968404662e-15, 8.675836657430601e-16, 0.0, -1.8485086127965933e-06, -4.3776507485145854e-10, 9.858110936691114e-10], 17079721656514.746, 36921370086142.016, 48877175245702.336], [[0, -1.3370576327323695e-12, 0, 0, -1.5983721227032377e-10, 0, 0, 0, -2.143156454508772e-06, 0, 1.0863395628387384e-09], 23205731342777.04, 43502248855940.734, 59746260795884.66], [[0, -1.3901223052032975e-12, 0, 4.872328063321771e-11, 0, 0, 0, 2.4624776989998566e-05, 0, 0, 0], 31379733404301.242, 69281029534170.4, 91246842917181.27]]
0 generation:
[[[0.0, 4.8456345667981115e-14, -2.3396717523911295e-13, -1.8317021755538677e-12, 0.0, -1.8439301112079823e-15, 0.0, -8.583609523838375e-07, 0.0, 0.0, 0.0], 1857765534133.405, 1818014588115.0464, 3118450462008.4297], [[0, 0, -2.2608634487124868e-13, 0, 0, -1.7818201147874334e-15, 0, 0, 0, 0, 0], 1755829966853.6807, 2152896314693.9707, 3381977291491.547], [[0.0, 0.0, -1.9345909439637096e-13, 0.0, 0.0, -1.6587598654943387e-15, 0.0, 0.0, 0.0, -2.364767917444848e-09, 0.0], 2855983928135.503, 1846353728756.4355, 3845542478451.287], [[0, 0, -2.1988488647294413e-13, 0, 0, 0, 8.068709083260226e-16, 0, 0, 0, 0], 2031280283262.1824, 3624979221727.693, 5046875420011.221], [[0.0, -4.262624141819662e-13, -1.9122036090134957e-13, 0.0, -2.505702850816293e-11, -1.4355035564394228e-15, 1.3905803940016256e-16, 0.0, -6.286594488443043e-07, 0.0, 1.7030102695709626e-10], 3990421056694.493, 4518033180995.337, 7311327920681.482], [[0.0, -2.5873011027414594e-13, -2.233096105914084e-13, 0.0, 0.0, -1.6469333823456222e-15, 1.6491036546382047e-16, 0.0, -3.470988099789641e-07, 0.0, 0.0], 10292722474758.3, 13688858337703.658, 20893764070034.47], [[0.0, -2.569361740828404e-13, -2.2677020139497484e-13, 0.0, 0.0, -1.6469333823456224e-15, 1.649103654638205e-16, 0.0, -3.4709880997896415e-07, 0.0, 0.0], 10292722474758.305, 13688858337703.664, 20893764070034.477], [[0, 0, -2.415903225490085e-13, 0, 0, -1.7406624125272973e-15, 8.913975459169505e-16, 0, -1.944889701878946e-06, 0, 1.0128701407508952e-09], 16245836590553.176, 35152862353586.35, 46524947966973.58]]
1 generation:
[[[0.0, 4.8456345667981115e-14, -2.3396717523911295e-13, -1.8317021755538677e-12, 0.0, -1.8439301112079823e-15, 0.0, -8.583609523838375e-07, 0.0, 0.0, 0.0], 1857765534133.405, 1818014588115.0464, 3118450462008.4297], [[0.0, -7.132272938353991e-15, -2.261053279957359e-13, 0.0, 0.0, -1.778075803598198e-15, 4.504979425631959e-18, 0.0, -9.63509112013813e-09, 0.0, 0.0], 1736347891989.3352, 1969326327184.216, 3184769851576.751], [[0.0, -4.369830088350552e-15, -2.2063849486707596e-13, 0.0, 0.0, -1.7795260349287e-15, 2.804705407703104e-18, 0.0, -5.90326694515082e-09, 0.0, 0.0], 1742156027560.9456, 2037012520146.082, 3256521739438.744], [[0.0, 0.0, -2.2605705689200423e-13, 0.0, 0.0, -1.7813866015354895e-15, 3.636044216256685e-18, 0.0, 0.0, 0.0, 0.0], 1755613859640.6616, 2152966360968.9, 3381896062717.3633], [[0, 0, -2.2608634487124868e-13, 0, 0, -1.7818201147874334e-15, 0, 0, 0, 0, 0], 1755829966853.6807, 2152896314693.9707, 3381977291491.547], [[0.0, 0.0, -1.9345909439637096e-13, 0.0, 0.0, -1.6587598654943387e-15, 0.0, 0.0, 0.0, -2.364767917444848e-09, 0.0], 2855983928135.503, 1846353728756.4355, 3845542478451.287], [[0, 0, -2.1988488647294413e-13, 0, 0, 0, 8.068709083260226e-16, 0, 0, 0, 0], 2031280283262.1824, 3624979221727.693, 5046875420011.221], [[0.0, -4.262624141819662e-13, -1.9122036090134957e-13, 0.0, -2.505702850816293e-11, -1.4355035564394228e-15, 1.3905803940016256e-16, 0.0, -6.286594488443043e-07, 0.0, 1.7030102695709626e-10], 3990421056694.493, 4518033180995.337, 7311327920681.482]]
2 generation:
[[[0.0, 4.8456345667981115e-14, -2.3396717523911295e-13, -1.8317021755538677e-12, 0.0, -1.8439301112079823e-15, 0.0, -8.583609523838375e-07, 0.0, 0.0, 0.0], 1857765534133.405, 1818014588115.0464, 3118450462008.4297], [[0.0, 4.8456345667981115e-14, -2.3396717523911295e-13, -1.8317021755538677e-12, 0.0, -1.8439301112079823e-15, 0.0, -8.583609523838375e-07, 0.0, 0.0, 0.0], 1857765534133.405, 1818014588115.0464, 3118450462008.4297], [[0.0, 4.8456345667981115e-14, -2.144706576302416e-13, -1.8317021755538677e-12, 0.0, -1.8439301112079823e-15, 0.0, -7.93054425184935e-07, 0.0, 0.0, 0.0], 1850622928747.8726, 1839222549851.6848, 3134658599975.1953], [[0.0, -7.703937203406892e-15, -2.3932211594942776e-13, 0.0, 0.0, -1.777785436090376e-15, 4.845410858063867e-18, 0.0, -1.0382282594029201e-08, 0.0, 0.0], 1735448943247.3042, 1956292640115.9126, 3171106900389.0254], [[0.0, -7.132272938353991e-15, -2.261053279957359e-13, 0.0, 0.0, -1.778075803598198e-15, 4.504979425631959e-18, 0.0, -9.63509112013813e-09, 0.0, 0.0], 1736347891989.3352, 1969326327184.216, 3184769851576.751], [[0.0, -4.369830088350552e-15, -2.2063849486707596e-13, 0.0, 0.0, -1.7795260349287e-15, 2.804705407703104e-18, 0.0, -5.90326694515082e-09, 0.0, 0.0], 1742156027560.9456, 2037012520146.082, 3256521739438.744], [[0.0, 0.0, -2.2605705689200423e-13, 0.0, 0.0, -1.7813866015354895e-15, 3.636044216256685e-18, 0.0, 0.0, 0.0, 0.0], 1755613859640.6616, 2152966360968.9, 3381896062717.3633], [[0, 0, -2.2608634487124868e-13, 0, 0, -1.7818201147874334e-15, 0, 0, 0, 0, 0], 1755829966853.6807, 2152896314693.9707, 3381977291491.547]]
3 generation:
[[[0.0, 7.276360151668641e-14, -2.37935144094506e-13, -2.750542686658241e-12, 0.0, -1.8753039399672114e-15, -1.975404473711345e-18, -1.3159396018522174e-06, 0.0, 0.0, 0.0], 1941903722349.2058, 1694220709286.0168, 3053553314930.461], [[0.0, 4.8456345667981115e-14, -2.3396717523911295e-13, -1.8317021755538677e-12, 0.0, -1.8439301112079823e-15, 0.0, -8.583609523838375e-07, 0.0, 0.0, 0.0], 1857765534133.405, 1818014588115.0464, 3118450462008.4297], [[0.0, 4.8456345667981115e-14, -2.3396717523911295e-13, -1.8317021755538677e-12, 0.0, -1.8439301112079823e-15, 0.0, -8.583609523838375e-07, 0.0, 0.0, 0.0], 1857765534133.405, 1818014588115.0464, 3118450462008.4297], [[0.0, 4.7208547346787815e-14, -2.33967175239113e-13, -1.8317021755538677e-12, 0.0, -1.8439301112079823e-15, 0.0, -8.583609523838376e-07, 0.0, 0.0, 0.0], 1857765534133.405, 1818014588115.0464, 3118450462008.4297], [[0.0, -7.703937203406894e-15, -2.4695341378814566e-13, 0.0, 0.0, -1.6579218683602256e-15, 5.295254413466696e-18, 0.0, -1.0382282594029201e-08, 0.0, 0.0], 1669255781230.872, 1964660416173.941, 3133139463035.5513], [[0.0, 4.8456345667981115e-14, -2.144706576302416e-13, -1.8317021755538677e-12, 0.0, -1.8439301112079823e-15, 0.0, -7.93054425184935e-07, 0.0, 0.0, 0.0], 1850622928747.8726, 1839222549851.6848, 3134658599975.1953], [[0.0, -7.703937203406892e-15, -2.3932211594942776e-13, 0.0, 0.0, -1.777785436090376e-15, 4.845410858063867e-18, 0.0, -1.0382282594029201e-08, 0.0, 0.0], 1735448943247.3042, 1956292640115.9126, 3171106900389.0254], [[0.0, -7.132272938353991e-15, -2.261053279957359e-13, 0.0, 0.0, -1.778075803598198e-15, 4.504979425631959e-18, 0.0, -9.63509112013813e-09, 0.0, 0.0], 1736347891989.3352, 1969326327184.216, 3184769851576.751]]
4 generation:
[[[0.0, 7.276360151668641e-14, -2.37935144094506e-13, -2.750542686658241e-12, 0.0, -1.8753039399672114e-15, -1.975404473711345e-18, -1.3159396018522174e-06, 0.0, 0.0, 0.0], 1941903722349.2058, 1694220709286.0168, 3053553314930.461], [[0.0, 6.428971863272197e-14, -2.410182179458877e-13, -2.460888287321348e-12, 0.0, -1.8650344524941792e-15, -1.2571174325770867e-18, -1.1773605146098985e-06, -1.0933383594104783e-09, 0.0, 0.0], 1915909269887.1567, 1715023501402.2202, 3056159990323.2295], [[0.0, 4.845634566798112e-14, -2.1798857479022204e-13, -1.831702175553868e-12, 0.0, -1.7479047895158991e-15, 0.0, -8.048382194655715e-07, 0.0, 0.0, 0.0], 1787837540007.2336, 1828625718436.0403, 3080111996441.1035], [[0.0, 4.845634566798112e-14, -2.4426024183297556e-13, -1.8317021755538677e-12, 0.0, -1.843930111207982e-15, 0.0, -9.709254627656379e-07, 0.0, 0.0, 0.0], 1870792373111.648, 1782858319386.3472, 3092412980564.501], [[0.0, 4.8456345667981115e-14, -2.3396717523911295e-13, -1.8317021755538677e-12, 0.0, -1.8439301112079823e-15, 0.0, -8.583609523838375e-07, 0.0, 0.0, 0.0], 1857765534133.405, 1818014588115.0464, 3118450462008.4297], [[0.0, 4.8456345667981115e-14, -2.3396717523911295e-13, -1.8317021755538677e-12, 0.0, -1.8439301112079823e-15, 0.0, -8.583609523838375e-07, 0.0, 0.0, 0.0], 1857765534133.405, 1818014588115.0464, 3118450462008.4297], [[0.0, 4.7208547346787815e-14, -2.33967175239113e-13, -1.8317021755538677e-12, 0.0, -1.8439301112079823e-15, 0.0, -8.583609523838376e-07, 0.0, 0.0, 0.0], 1857765534133.405, 1818014588115.0464, 3118450462008.4297], [[0.0, -7.703937203406894e-15, -2.4695341378814566e-13, 0.0, 0.0, -1.6579218683602256e-15, 5.295254413466696e-18, 0.0, -1.0382282594029201e-08, 0.0, 0.0], 1669255781230.872, 1964660416173.941, 3133139463035.5513]]
[[[0.0, 7.276360151668641e-14, -2.37935144094506e-13, -2.750542686658241e-12, 0.0, -1.8753039399672114e-15, -1.975404473711345e-18, -1.3159396018522174e-06, 0.0, 0.0, 0.0], 1941903722349.2058, 1694220709286.0168, 3053553314930.461], [[0.0, 6.428971863272197e-14, -2.410182179458877e-13, -2.460888287321348e-12, 0.0, -1.8650344524941792e-15, -1.2571174325770867e-18, -1.1773605146098985e-06, -1.0933383594104783e-09, 0.0, 0.0], 1915909269887.1567, 1715023501402.2202, 3056159990323.2295], [[0.0, 4.845634566798112e-14, -2.1798857479022204e-13, -1.831702175553868e-12, 0.0, -1.7479047895158991e-15, 0.0, -8.048382194655715e-07, 0.0, 0.0, 0.0], 1787837540007.2336, 1828625718436.0403, 3080111996441.1035], [[0.0, 4.845634566798112e-14, -2.4426024183297556e-13, -1.8317021755538677e-12, 0.0, -1.843930111207982e-15, 0.0, -9.709254627656379e-07, 0.0, 0.0, 0.0], 1870792373111.648, 1782858319386.3472, 3092412980564.501], [[0.0, 4.8456345667981115e-14, -2.3396717523911295e-13, -1.8317021755538677e-12, 0.0, -1.8439301112079823e-15, 0.0, -8.583609523838375e-07, 0.0, 0.0, 0.0], 1857765534133.405, 1818014588115.0464, 3118450462008.4297], [[0.0, 4.8456345667981115e-14, -2.3396717523911295e-13, -1.8317021755538677e-12, 0.0, -1.8439301112079823e-15, 0.0, -8.583609523838375e-07, 0.0, 0.0, 0.0], 1857765534133.405, 1818014588115.0464, 3118450462008.4297], [[0.0, 4.7208547346787815e-14, -2.33967175239113e-13, -1.8317021755538677e-12, 0.0, -1.8439301112079823e-15, 0.0, -8.583609523838376e-07, 0.0, 0.0, 0.0], 1857765534133.405, 1818014588115.0464, 3118450462008.4297], [[0.0, -7.703937203406894e-15, -2.4695341378814566e-13, 0.0, 0.0, -1.6579218683602256e-15, 5.295254413466696e-18, 0.0, -1.0382282594029201e-08, 0.0, 0.0], 1669255781230.872, 1964660416173.941, 3133139463035.5513]]
0 generation:
[[[0.0, 7.27636015166864e-14, -2.4559951451476767e-13, -2.7505426866582408e-12, 0.0, -1.8753039399672114e-15, -1.9754044737113448e-18, -1.3590447595875854e-06, 0.0, 0.0, 0.0], 1948460628109.0122, 1683675523423.861, 3047597963100.1694], [[0.0, 7.249409992394108e-14, -2.4560411657774686e-13, -2.7408526668455165e-12, 0.0, -1.8749730740349806e-15, -1.9545720133908913e-18, -1.3466519797888008e-06, 0.0, 0.0, 0.0], 1946286791233.5422, 1686588745880.6519, 3048989499744.1313], [[0.0, 7.276360151668641e-14, -2.37935144094506e-13, -2.750542686658241e-12, 0.0, -1.8753039399672114e-15, -1.975404473711345e-18, -1.3159396018522174e-06, 0.0, 0.0, 0.0], 1941903722349.2058, 1694220709286.0168, 3053553314930.461], [[0.0, 7.27636015166864e-14, -2.3793514409450595e-13, -2.5403320498991703e-12, 0.0, -1.8753039399672114e-15, -1.9754044737113448e-18, -1.3159396018522174e-06, 0.0, 0.0, 0.0], 1941903722349.198, 1694220709286.0334, 3053553314930.4717], [[0.0, 6.428971863272197e-14, -2.410182179458877e-13, -2.460888287321348e-12, 0.0, -1.8650344524941792e-15, -1.2571174325770867e-18, -1.1773605146098985e-06, -1.0933383594104783e-09, 0.0, 0.0], 1915909269887.1567, 1715023501402.2202, 3056159990323.2295], [[0.0, 4.845634566798112e-14, -2.1798857479022204e-13, -1.831702175553868e-12, 0.0, -1.7479047895158991e-15, 0.0, -8.048382194655715e-07, 0.0, 0.0, 0.0], 1787837540007.2336, 1828625718436.0403, 3080111996441.1035], [[0.0, 4.845634566798112e-14, -2.4426024183297556e-13, -1.8317021755538677e-12, 0.0, -1.843930111207982e-15, 0.0, -9.709254627656379e-07, 0.0, 0.0, 0.0], 1870792373111.648, 1782858319386.3472, 3092412980564.501], [[0.0, 4.8456345667981115e-14, -2.3396717523911295e-13, -1.8317021755538677e-12, 0.0, -1.8439301112079823e-15, 0.0, -8.583609523838375e-07, 0.0, 0.0, 0.0], 1857765534133.405, 1818014588115.0464, 3118450462008.4297]]
1 generation:
[[[0.0, 7.174975783516079e-14, -2.450513928752365e-13, -2.463754636131678e-12, 0.0, -1.7348593484660892e-15, -1.889466210444365e-18, -1.3373074490387284e-06, -1.2072030494486406e-10, 0.0, 0.0], 1835989722692.2722, 1656151064037.467, 2941343869922.0576], [[0.0, 4.80791233116215e-14, -2.184612440060195e-13, -1.831702175553868e-12, 0.0, -1.6200260960026847e-15, 0.0, -8.078263940232364e-07, 0.0, 0.0, 0.0], 1713227344090.2615, 1829188434622.2825, 3028447575485.4653], [[0.0, 6.530356231424758e-14, -2.415663395854189e-13, -2.4955435081469177e-12, 0.0, -1.8662631283125274e-15, -1.4356498997771517e-18, -1.2810177113583384e-06, -9.625277024027552e-10, 0.0, 0.0], 1931708395505.4565, 1690275159107.6038, 3042471035961.4233], [[0.0, 7.27636015166864e-14, -2.4559951451476767e-13, -2.7505426866582408e-12, 0.0, -1.8753039399672114e-15, -1.9754044737113448e-18, -1.3590447595875854e-06, 0.0, 0.0, 0.0], 1948460628109.0122, 1683675523423.861, 3047597963100.1694], [[0.0, 7.249409992394108e-14, -2.4560411657774686e-13, -2.7408526668455165e-12, 0.0, -1.8749730740349806e-15, -1.9545720133908913e-18, -1.3466519797888008e-06, 0.0, 0.0, 0.0], 1946286791233.5422, 1686588745880.6519, 3048989499744.1313], [[0.0, 7.276360151668641e-14, -2.37935144094506e-13, -2.750542686658241e-12, 0.0, -1.8753039399672114e-15, -1.975404473711345e-18, -1.3159396018522174e-06, 0.0, 0.0, 0.0], 1941903722349.2058, 1694220709286.0168, 3053553314930.461], [[0.0, 7.27636015166864e-14, -2.3793514409450595e-13, -2.5403320498991703e-12, 0.0, -1.8753039399672114e-15, -1.9754044737113448e-18, -1.3159396018522174e-06, 0.0, 0.0, 0.0], 1941903722349.198, 1694220709286.0334, 3053553314930.4717], [[0.0, 6.428971863272197e-14, -2.410182179458877e-13, -2.460888287321348e-12, 0.0, -1.8650344524941792e-15, -1.2571174325770867e-18, -1.1773605146098985e-06, -1.0933383594104783e-09, 0.0, 0.0], 1915909269887.1567, 1715023501402.2202, 3056159990323.2295]]
2 generation:
[[[0.0, 7.410973505609657e-14, -2.312742145854465e-13, -2.4521166066006435e-12, 0.0, -1.5766755029816432e-15, -2.0556101246630912e-18, -1.3579153406652223e-06, 1.874686533283754e-10, 0.0, 0.0], 1732005341604.7944, 1635956394325.4438, 2848360133448.8], [[0.0, 7.15476001688149e-14, -2.4490127730939954e-13, -2.3884969124552616e-12, 0.0, -1.6968055232008119e-15, -1.8717839681156894e-18, -1.3347695453543785e-06, -1.53507024245138e-10, 0.0, 0.0], 1808552014445.439, 1650459892616.9663, 2916446302728.7734], [[0.0, 7.736365905190134e-14, -2.3799586472113623e-13, -2.5387674182107562e-12, 0.0, -1.700294601430348e-15, -1.961257929924034e-18, -1.3132103097817612e-06, -2.064391426901948e-11, 0.0, 0.0], 1808347872094.059, 1659008155082.359, 2924851665548.2], [[0.0, 7.174975783516079e-14, -2.450513928752365e-13, -2.463754636131678e-12, 0.0, -1.7348593484660892e-15, -1.889466210444365e-18, -1.3373074490387284e-06, -1.2072030494486406e-10, 0.0, 0.0], 1835989722692.2722, 1656151064037.467, 2941343869922.0576], [[0.0, 4.80791233116215e-14, -2.184612440060195e-13, -1.831702175553868e-12, 0.0, -1.6200260960026847e-15, 0.0, -8.078263940232364e-07, 0.0, 0.0, 0.0], 1713227344090.2615, 1829188434622.2825, 3028447575485.4653], [[0.0, 6.530356231424758e-14, -2.415663395854189e-13, -2.4955435081469177e-12, 0.0, -1.8662631283125274e-15, -1.4356498997771517e-18, -1.2810177113583384e-06, -9.625277024027552e-10, 0.0, 0.0], 1931708395505.4565, 1690275159107.6038, 3042471035961.4233], [[0.0, 7.27636015166864e-14, -2.4559951451476767e-13, -2.7505426866582408e-12, 0.0, -1.8753039399672114e-15, -1.9754044737113448e-18, -1.3590447595875854e-06, 0.0, 0.0, 0.0], 1948460628109.0122, 1683675523423.861, 3047597963100.1694], [[0.0, 7.249409992394108e-14, -2.4560411657774686e-13, -2.7408526668455165e-12, 0.0, -1.8749730740349806e-15, -1.9545720133908913e-18, -1.3466519797888008e-06, 0.0, 0.0, 0.0], 1946286791233.5422, 1686588745880.6519, 3048989499744.1313]]
3 generation:
[[[0.0, 7.410973505609657e-14, -2.312742145854465e-13, -2.4521166066006435e-12, 0.0, -1.5766755029816432e-15, -2.0556101246630912e-18, -1.3579153406652223e-06, 1.874686533283754e-10, 0.0, 0.0], 1732005341604.7944, 1635956394325.4438, 2848360133448.8], [[0.0, 7.736365905190133e-14, -2.335968973440907e-13, -2.3418185761955282e-12, 0.0, -1.6478582107246986e-15, -1.961257929924034e-18, -1.3132103097817612e-06, -2.0643914269019476e-11, 0.0, 0.0], 1772811236702.7593, 1652769947850.978, 2893737813542.909], [[0.0, 7.15476001688149e-14, -2.4490127730939954e-13, -2.3884969124552616e-12, 0.0, -1.6968055232008119e-15, -1.8717839681156894e-18, -1.3347695453543785e-06, -1.53507024245138e-10, 0.0, 0.0], 1808552014445.439, 1650459892616.9663, 2916446302728.7734], [[0.0, 7.174975783516079e-14, -2.5659919948002957e-13, -2.463754636131678e-12, 0.0, -1.734859348466089e-15, -1.889466210444365e-18, -1.4568479648328908e-06, -1.244952940059374e-10, 0.0, 0.0], 1851439744148.5586, 1623346167674.8022, 2919353988578.793], [[0.0, 7.558268599783511e-14, -2.379958647211362e-13, -2.538767418210756e-12, 0.0, -1.7002946014303478e-15, -1.961257929924034e-18, -1.3132103097817612e-06, -2.1999268196484097e-11, 0.0, 0.0], 1808349101837.2993, 1658990641380.966, 2924835012667.075], [[0.0, 7.736365905190134e-14, -2.3799586472113623e-13, -2.5387674182107562e-12, 0.0, -1.700294601430348e-15, -1.961257929924034e-18, -1.3132103097817612e-06, -2.064391426901948e-11, 0.0, 0.0], 1808347872094.059, 1659008155082.359, 2924851665548.2], [[0.0, 7.174975783516079e-14, -2.450513928752365e-13, -2.463754636131678e-12, 0.0, -1.7348593484660892e-15, -1.889466210444365e-18, -1.3373074490387284e-06, -1.2072030494486406e-10, 0.0, 0.0], 1835989722692.2722, 1656151064037.467, 2941343869922.0576], [[0.0, 4.80791233116215e-14, -2.184612440060195e-13, -1.831702175553868e-12, 0.0, -1.6200260960026847e-15, 0.0, -8.078263940232364e-07, 0.0, 0.0, 0.0], 1713227344090.2615, 1829188434622.2825, 3028447575485.4653]]
4 generation:
[[[0.0, 7.428505207150127e-14, -2.313605103583812e-13, -2.4562951179407857e-12, 0.0, -1.5131256417255545e-15, -2.0694547256055995e-18, -1.361620207584182e-06, 1.9737574920584021e-10, 0.0, 0.0], 1694837876163.7446, 1632801411898.8884, 2819187925213.51], [[0.0, 7.410973505609657e-14, -2.312742145854465e-13, -2.4521166066006435e-12, 0.0, -1.5766755029816432e-15, -2.0556101246630912e-18, -1.3579153406652223e-06, 1.874686533283754e-10, 0.0, 0.0], 1732005341604.7944, 1635956394325.4438, 2848360133448.8], [[0.0, 7.646364944331268e-14, -2.310698404954509e-13, -2.328422553765392e-12, 0.0, -1.63830017519984e-15, -1.969145042931878e-18, -1.3531281130283888e-06, -9.234693624324383e-12, 0.0, 0.0], 1770750725326.832, 1639626663248.8716, 2879152170977.654], [[0.0, 7.736365905190133e-14, -2.335968973440907e-13, -2.3418185761955282e-12, 0.0, -1.6478582107246986e-15, -1.961257929924034e-18, -1.3132103097817612e-06, -2.0643914269019476e-11, 0.0, 0.0], 1772811236702.7593, 1652769947850.978, 2893737813542.909], [[0.0, 7.15476001688149e-14, -2.4490127730939954e-13, -2.3884969124552616e-12, 0.0, -1.6968055232008119e-15, -1.8717839681156894e-18, -1.3347695453543785e-06, -1.53507024245138e-10, 0.0, 0.0], 1808552014445.439, 1650459892616.9663, 2916446302728.7734], [[0.0, 7.385917733092794e-14, -2.57651981399839e-13, -2.4637546361316782e-12, 0.0, -1.734859348466089e-15, -1.889466210444365e-18, -1.4677461464547189e-06, -1.2622161428534654e-10, 0.0, 0.0], 1852901670771.4058, 1620439280474.563, 2917470450014.547], [[0.0, 7.174975783516079e-14, -2.5659919948002957e-13, -2.463754636131678e-12, 0.0, -1.734859348466089e-15, -1.889466210444365e-18, -1.4568479648328908e-06, -1.244952940059374e-10, 0.0, 0.0], 1851439744148.5586, 1623346167674.8022, 2919353988578.793], [[0.0, 7.558268599783511e-14, -2.379958647211362e-13, -2.538767418210756e-12, 0.0, -1.7002946014303478e-15, -1.961257929924034e-18, -1.3132103097817612e-06, -2.1999268196484097e-11, 0.0, 0.0], 1808349101837.2993, 1658990641380.966, 2924835012667.075]]
[[[0.0, 7.428505207150127e-14, -2.313605103583812e-13, -2.4562951179407857e-12, 0.0, -1.5131256417255545e-15, -2.0694547256055995e-18, -1.361620207584182e-06, 1.9737574920584021e-10, 0.0, 0.0], 1694837876163.7446, 1632801411898.8884, 2819187925213.51], [[0.0, 7.410973505609657e-14, -2.312742145854465e-13, -2.4521166066006435e-12, 0.0, -1.5766755029816432e-15, -2.0556101246630912e-18, -1.3579153406652223e-06, 1.874686533283754e-10, 0.0, 0.0], 1732005341604.7944, 1635956394325.4438, 2848360133448.8], [[0.0, 7.646364944331268e-14, -2.310698404954509e-13, -2.328422553765392e-12, 0.0, -1.63830017519984e-15, -1.969145042931878e-18, -1.3531281130283888e-06, -9.234693624324383e-12, 0.0, 0.0], 1770750725326.832, 1639626663248.8716, 2879152170977.654], [[0.0, 7.736365905190133e-14, -2.335968973440907e-13, -2.3418185761955282e-12, 0.0, -1.6478582107246986e-15, -1.961257929924034e-18, -1.3132103097817612e-06, -2.0643914269019476e-11, 0.0, 0.0], 1772811236702.7593, 1652769947850.978, 2893737813542.909], [[0.0, 7.15476001688149e-14, -2.4490127730939954e-13, -2.3884969124552616e-12, 0.0, -1.6968055232008119e-15, -1.8717839681156894e-18, -1.3347695453543785e-06, -1.53507024245138e-10, 0.0, 0.0], 1808552014445.439, 1650459892616.9663, 2916446302728.7734], [[0.0, 7.385917733092794e-14, -2.57651981399839e-13, -2.4637546361316782e-12, 0.0, -1.734859348466089e-15, -1.889466210444365e-18, -1.4677461464547189e-06, -1.2622161428534654e-10, 0.0, 0.0], 1852901670771.4058, 1620439280474.563, 2917470450014.547], [[0.0, 7.174975783516079e-14, -2.5659919948002957e-13, -2.463754636131678e-12, 0.0, -1.734859348466089e-15, -1.889466210444365e-18, -1.4568479648328908e-06, -1.244952940059374e-10, 0.0, 0.0], 1851439744148.5586, 1623346167674.8022, 2919353988578.793], [[0.0, 7.558268599783511e-14, -2.379958647211362e-13, -2.538767418210756e-12, 0.0, -1.7002946014303478e-15, -1.961257929924034e-18, -1.3132103097817612e-06, -2.1999268196484097e-11, 0.0, 0.0], 1808349101837.2993, 1658990641380.966, 2924835012667.075]]
0 generation:
[[[0.0, 7.428505207150127e-14, -2.313605103583812e-13, -2.4562951179407857e-12, 0.0, -1.5131256417255545e-15, -2.0694547256055995e-18, -1.361620207584182e-06, 1.9737574920584021e-10, 0.0, 0.0], 1694837876163.7446, 1632801411898.8884, 2819187925213.51], [[0.0, 7.11996766148632e-14, -2.291969864212933e-13, -2.4976273853617464e-12, 0.0, -1.5130151839930632e-15, -2.1399914442954143e-18, -1.3568959005108748e-06, 3.581342836739955e-10, 0.0, 0.0], 1694518923366.9338, 1636867684660.8423, 2823030931017.696], [[0.0, 7.374478919628115e-14, -2.310137126629908e-13, -2.4644871504713783e-12, 0.0, -1.5686919623350972e-15, -2.2194528043195556e-18, -1.362929261074818e-06, 2.0117859110679974e-10, 0.0, 0.0], 1727603633536.6997, 1634093847080.7256, 2843416390556.415], [[0.0, 7.410973505609657e-14, -2.312742145854465e-13, -2.4521166066006435e-12, 0.0, -1.5766755029816432e-15, -2.0556101246630912e-18, -1.3579153406652223e-06, 1.874686533283754e-10, 0.0, 0.0], 1732005341604.7944, 1635956394325.4438, 2848360133448.8], [[0.0, 7.243058976298701e-14, -2.4241696234483614e-13, -2.351764064048164e-12, 0.0, -1.62019283796005e-15, -1.889271346931454e-18, -1.3273203070068824e-06, -1.275937431627077e-10, 0.0, 0.0], 1756317694387.7349, 1644348337326.8545, 2873770723398.2686], [[0.0, 7.646364944331268e-14, -2.310698404954509e-13, -2.328422553765392e-12, 0.0, -1.63830017519984e-15, -1.969145042931878e-18, -1.3531281130283888e-06, -9.234693624324383e-12, 0.0, 0.0], 1770750725326.832, 1639626663248.8716, 2879152170977.654], [[0.0, 7.736365905190133e-14, -2.335968973440907e-13, -2.3418185761955282e-12, 0.0, -1.6478582107246986e-15, -1.961257929924034e-18, -1.3132103097817612e-06, -2.0643914269019476e-11, 0.0, 0.0], 1772811236702.7593, 1652769947850.978, 2893737813542.909], [[0.0, 7.15476001688149e-14, -2.4490127730939954e-13, -2.3884969124552616e-12, 0.0, -1.6968055232008119e-15, -1.8717839681156894e-18, -1.3347695453543785e-06, -1.53507024245138e-10, 0.0, 0.0], 1808552014445.439, 1650459892616.9663, 2916446302728.7734]]
1 generation:
[[[0.0, 6.80962926033498e-14, -2.313616254651745e-13, -2.6425314238214943e-12, 0.0, -1.512645430357157e-15, -2.069839547091594e-18, -1.361652786098629e-06, 1.998531256186296e-10, 0.0, 0.0], 1694570259057.091, 1632823539483.132, 2819022720823.0957], [[0.0, 7.428505207150127e-14, -2.313605103583812e-13, -2.4562951179407857e-12, 0.0, -1.5131256417255545e-15, -2.0694547256055995e-18, -1.361620207584182e-06, 1.9737574920584021e-10, 0.0, 0.0], 1694837876163.7446, 1632801411898.8884, 2819187925213.51], [[0.0, 7.11996766148632e-14, -2.291969864212933e-13, -2.4976273853617464e-12, 0.0, -1.5130151839930632e-15, -2.1399914442954143e-18, -1.3568959005108748e-06, 3.581342836739955e-10, 0.0, 0.0], 1694518923366.9338, 1636867684660.8423, 2823030931017.696], [[0.0, 7.343739632325733e-14, -2.348501395414756e-13, -2.2133997084478e-12, 0.0, -1.5382280485032233e-15, -2.0073716631483207e-18, -1.3518415719627635e-06, 9.215163248921509e-11, 0.0, 0.0], 1708397575089.9246, 1634985079425.1199, 2830863381988.067], [[0.0, 7.423874781828833e-14, -2.315895536891452e-13, -2.455148304997295e-12, 0.0, -1.5547963089958966e-15, -2.066111106381231e-18, -1.3611660261384355e-06, 1.9828147912083761e-10, 0.0, 0.0], 1719064838916.8853, 1633997561145.4302, 2837342948387.25], [[0.0, 7.374478919628115e-14, -2.310137126629908e-13, -2.4644871504713783e-12, 0.0, -1.5686919623350972e-15, -2.2194528043195556e-18, -1.362929261074818e-06, 2.0117859110679974e-10, 0.0, 0.0], 1727603633536.6997, 1634093847080.7256, 2843416390556.415], [[0.0, 7.410973505609657e-14, -2.312742145854465e-13, -2.4521166066006435e-12, 0.0, -1.5766755029816432e-15, -2.0556101246630912e-18, -1.3579153406652223e-06, 1.874686533283754e-10, 0.0, 0.0], 1732005341604.7944, 1635956394325.4438, 2848360133448.8], [[0.0, 7.243058976298701e-14, -2.4241696234483614e-13, -2.351764064048164e-12, 0.0, -1.62019283796005e-15, -1.889271346931454e-18, -1.3273203070068824e-06, -1.275937431627077e-10, 0.0, 0.0], 1756317694387.7349, 1644348337326.8545, 2873770723398.2686]]
2 generation:
[[[0.0, 6.80962926033498e-14, -2.313616254651745e-13, -2.6425314238214943e-12, 0.0, -1.512645430357157e-15, -2.069839547091594e-18, -1.361652786098629e-06, 1.998531256186296e-10, 0.0, 0.0], 1694570259057.091, 1632823539483.132, 2819022720823.0957], [[0.0, 7.428505207150127e-14, -2.313605103583812e-13, -2.4562951179407857e-12, 0.0, -1.5131256417255545e-15, -2.0694547256055995e-18, -1.361620207584182e-06, 1.9737574920584021e-10, 0.0, 0.0], 1694837876163.7446, 1632801411898.8884, 2819187925213.51], [[0.0, 7.11996766148632e-14, -2.291969864212933e-13, -2.4976273853617464e-12, 0.0, -1.5130151839930632e-15, -2.1399914442954143e-18, -1.3568959005108748e-06, 3.581342836739955e-10, 0.0, 0.0], 1694518923366.9338, 1636867684660.8423, 2823030931017.696], [[0.0, 7.423874781828833e-14, -2.315895536891452e-13, -2.54721834021519e-12, 0.0, -1.5224161201489311e-15, -2.0661111063812305e-18, -1.3611660261384352e-06, 2.0454871225470994e-10, 0.0, 0.0], 1700104932748.0278, 1633181647369.1938, 2823255100292.8135], [[0.0, 7.343739632325733e-14, -2.348501395414756e-13, -2.2133997084478e-12, 0.0, -1.5382280485032233e-15, -2.0073716631483207e-18, -1.3518415719627635e-06, 9.215163248921509e-11, 0.0, 0.0], 1708397575089.9246, 1634985079425.1199, 2830863381988.067], [[0.0, 6.819786836454027e-14, -2.343461611010218e-13, -2.250766024253846e-12, 0.0, -1.5407889521145059e-15, -2.1102597560316596e-18, -1.3532828233471362e-06, 1.0855578714527968e-10, 0.0, 0.0], 1710031382887.9011, 1634816435538.357, 2831838403559.8877], [[0.0, 7.423874781828833e-14, -2.315895536891452e-13, -2.455148304997295e-12, 0.0, -1.5547963089958966e-15, -2.066111106381231e-18, -1.3611660261384355e-06, 1.9828147912083761e-10, 0.0, 0.0], 1719064838916.8853, 1633997561145.4302, 2837342948387.25], [[0.0, 7.130059495196728e-14, -2.116232211775494e-13, -2.6545824797059598e-12, 0.0, -1.5547963089958966e-15, -2.0661111063812305e-18, -1.3611660261384352e-06, 2.0306575881645557e-10, 0.0, 0.0], 1719066662383.1702, 1634067532238.3694, 2837414195906.5884]]
3 generation:
[[[0.0, 7.842614763121423e-14, -2.313233302070278e-13, -2.4415357309094293e-12, 0.0, -1.4207730815746254e-15, -1.9332373582266716e-18, -1.364778370920055e-06, 1.9621137628601145e-10, 0.0, 0.0], 1645792993416.4092, 1633951678871.9858, 2786006774263.472], [[0.0, 6.793948102166458e-14, -2.1035296421326515e-13, -2.6419416713797387e-12, 0.0, -1.5105826581123297e-15, -2.2177866329760324e-18, -1.4312602934904651e-06, 1.9969590634331903e-10, 0.0, 0.0], 1699254203375.393, 1609287006527.2195, 2798764948889.9946], [[0.0, 7.423874781828833e-14, -2.3919815386227034e-13, -2.54317745470176e-12, 0.0, -1.5238372626055857e-15, -2.066111106381231e-18, -1.4114917539109077e-06, 2.2271010576092562e-10, 0.0, 0.0], 1705254823352.3367, 1616579523173.0952, 2810257899519.7305], [[0.0, 6.80962926033498e-14, -2.313616254651745e-13, -2.6425314238214943e-12, 0.0, -1.512645430357157e-15, -2.069839547091594e-18, -1.361652786098629e-06, 1.998531256186296e-10, 0.0, 0.0], 1694570259057.091, 1632823539483.132, 2819022720823.0957], [[0.0, 7.428505207150127e-14, -2.313605103583812e-13, -2.4562951179407857e-12, 0.0, -1.5131256417255545e-15, -2.0694547256055995e-18, -1.361620207584182e-06, 1.9737574920584021e-10, 0.0, 0.0], 1694837876163.7446, 1632801411898.8884, 2819187925213.51], [[0.0, 7.11996766148632e-14, -2.291969864212933e-13, -2.4976273853617464e-12, 0.0, -1.5130151839930632e-15, -2.1399914442954143e-18, -1.3568959005108748e-06, 3.581342836739955e-10, 0.0, 0.0], 1694518923366.9338, 1636867684660.8423, 2823030931017.696], [[0.0, 7.423874781828833e-14, -2.315895536891452e-13, -2.54721834021519e-12, 0.0, -1.5224161201489311e-15, -2.0661111063812305e-18, -1.3611660261384352e-06, 2.0454871225470994e-10, 0.0, 0.0], 1700104932748.0278, 1633181647369.1938, 2823255100292.8135], [[0.0, 7.343739632325733e-14, -2.348501395414756e-13, -2.2133997084478e-12, 0.0, -1.5382280485032233e-15, -2.0073716631483207e-18, -1.3518415719627635e-06, 9.215163248921509e-11, 0.0, 0.0], 1708397575089.9246, 1634985079425.1199, 2830863381988.067]]
4 generation:
[[[0.0, 8.13840847926893e-14, -2.3113527261372576e-13, -2.6013763639534596e-12, 0.0, -1.3489734602258087e-15, -1.839376677372262e-18, -1.3759189662167276e-06, 1.9180494610019062e-10, 0.0, 0.0], 1612334981540.191, 1635721229255.4995, 2764355716333.633], [[0.0, 7.919892743582157e-14, -2.3127419897053655e-13, -2.42203212728467e-12, 0.0, -1.4020149760680332e-15, -1.8256396705533733e-18, -1.3654450249820573e-06, 1.9467273055150383e-10, 0.0, 0.0], 1636580368571.9102, 1634912100147.2583, 2780518358147.5957], [[0.0, 8.177337244424366e-14, -2.3131061055732307e-13, -2.685591020633236e-12, 0.0, -1.420349473181391e-15, -1.8869361279881337e-18, -1.368003499416504e-06, 1.965866740024283e-10, 0.0, 0.0], 1645788959410.604, 1632799802797.354, 2784852074384.777], [[0.0, 7.842614763121423e-14, -2.313233302070278e-13, -2.4415357309094293e-12, 0.0, -1.4207730815746254e-15, -1.9332373582266716e-18, -1.364778370920055e-06, 1.9621137628601145e-10, 0.0, 0.0], 1645792993416.4092, 1633951678871.9858, 2786006774263.472], [[0.0, 6.793948102166458e-14, -2.1035296421326515e-13, -2.6419416713797387e-12, 0.0, -1.5105826581123297e-15, -2.2177866329760324e-18, -1.4312602934904651e-06, 1.9969590634331903e-10, 0.0, 0.0], 1699254203375.393, 1609287006527.2195, 2798764948889.9946], [[0.0, 7.423874781828833e-14, -2.3919815386227034e-13, -2.54317745470176e-12, 0.0, -1.5238372626055857e-15, -2.066111106381231e-18, -1.4114917539109077e-06, 2.2271010576092562e-10, 0.0, 0.0], 1705254823352.3367, 1616579523173.0952, 2810257899519.7305], [[0.0, 6.80962926033498e-14, -2.313616254651745e-13, -2.6425314238214943e-12, 0.0, -1.512645430357157e-15, -2.069839547091594e-18, -1.361652786098629e-06, 1.998531256186296e-10, 0.0, 0.0], 1694570259057.091, 1632823539483.132, 2819022720823.0957], [[0.0, 7.428505207150127e-14, -2.313605103583812e-13, -2.4562951179407857e-12, 0.0, -1.5131256417255545e-15, -2.0694547256055995e-18, -1.361620207584182e-06, 1.9737574920584021e-10, 0.0, 0.0], 1694837876163.7446, 1632801411898.8884, 2819187925213.51]]
[[[0.0, 8.13840847926893e-14, -2.3113527261372576e-13, -2.6013763639534596e-12, 0.0, -1.3489734602258087e-15, -1.839376677372262e-18, -1.3759189662167276e-06, 1.9180494610019062e-10, 0.0, 0.0], 1612334981540.191, 1635721229255.4995, 2764355716333.633], [[0.0, 7.919892743582157e-14, -2.3127419897053655e-13, -2.42203212728467e-12, 0.0, -1.4020149760680332e-15, -1.8256396705533733e-18, -1.3654450249820573e-06, 1.9467273055150383e-10, 0.0, 0.0], 1636580368571.9102, 1634912100147.2583, 2780518358147.5957], [[0.0, 8.177337244424366e-14, -2.3131061055732307e-13, -2.685591020633236e-12, 0.0, -1.420349473181391e-15, -1.8869361279881337e-18, -1.368003499416504e-06, 1.965866740024283e-10, 0.0, 0.0], 1645788959410.604, 1632799802797.354, 2784852074384.777], [[0.0, 7.842614763121423e-14, -2.313233302070278e-13, -2.4415357309094293e-12, 0.0, -1.4207730815746254e-15, -1.9332373582266716e-18, -1.364778370920055e-06, 1.9621137628601145e-10, 0.0, 0.0], 1645792993416.4092, 1633951678871.9858, 2786006774263.472], [[0.0, 6.793948102166458e-14, -2.1035296421326515e-13, -2.6419416713797387e-12, 0.0, -1.5105826581123297e-15, -2.2177866329760324e-18, -1.4312602934904651e-06, 1.9969590634331903e-10, 0.0, 0.0], 1699254203375.393, 1609287006527.2195, 2798764948889.9946], [[0.0, 7.423874781828833e-14, -2.3919815386227034e-13, -2.54317745470176e-12, 0.0, -1.5238372626055857e-15, -2.066111106381231e-18, -1.4114917539109077e-06, 2.2271010576092562e-10, 0.0, 0.0], 1705254823352.3367, 1616579523173.0952, 2810257899519.7305], [[0.0, 6.80962926033498e-14, -2.313616254651745e-13, -2.6425314238214943e-12, 0.0, -1.512645430357157e-15, -2.069839547091594e-18, -1.361652786098629e-06, 1.998531256186296e-10, 0.0, 0.0], 1694570259057.091, 1632823539483.132, 2819022720823.0957], [[0.0, 7.428505207150127e-14, -2.313605103583812e-13, -2.4562951179407857e-12, 0.0, -1.5131256417255545e-15, -2.0694547256055995e-18, -1.361620207584182e-06, 1.9737574920584021e-10, 0.0, 0.0], 1694837876163.7446, 1632801411898.8884, 2819187925213.51]]
0 generation:
[[[0.0, 7.90339442662185e-14, -2.469155564295279e-13, -2.4231825058310147e-12, 0.0, -1.405745512241171e-15, -1.8338257513138956e-18, -1.4575372342168584e-06, 1.9476348429514309e-10, 0.0, 0.0], 1644346585987.1677, 1601079998374.5234, 2752122608565.541], [[0.0, 8.194940341975212e-14, -2.414837004386854e-13, -2.6319249801979783e-12, 0.0, -1.335251172986853e-15, -1.936993334687633e-18, -1.3780481480397239e-06, 1.9096279262399777e-10, 0.0, 0.0], 1606335356943.0696, 1636448343096.9946, 2760883092957.1436], [[0.0, 8.13840847926893e-14, -2.3113527261372576e-13, -2.6013763639534596e-12, 0.0, -1.3489734602258087e-15, -1.839376677372262e-18, -1.3759189662167276e-06, 1.9180494610019062e-10, 0.0, 0.0], 1612334981540.191, 1635721229255.4995, 2764355716333.633], [[0.0, 7.919892743582157e-14, -2.3127419897053655e-13, -2.42203212728467e-12, 0.0, -1.4020149760680332e-15, -1.8256396705533733e-18, -1.3654450249820573e-06, 1.9467273055150383e-10, 0.0, 0.0], 1636580368571.9102, 1634912100147.2583, 2780518358147.5957], [[0.0, 8.177337244424366e-14, -2.3131061055732307e-13, -2.685591020633236e-12, 0.0, -1.420349473181391e-15, -1.8869361279881337e-18, -1.368003499416504e-06, 1.965866740024283e-10, 0.0, 0.0], 1645788959410.604, 1632799802797.354, 2784852074384.777], [[0.0, 7.842614763121423e-14, -2.313233302070278e-13, -2.4415357309094293e-12, 0.0, -1.4207730815746254e-15, -1.9332373582266716e-18, -1.364778370920055e-06, 1.9621137628601145e-10, 0.0, 0.0], 1645792993416.4092, 1633951678871.9858, 2786006774263.472], [[0.0, 7.786082900415142e-14, -2.414384987596677e-13, -2.410987114664911e-12, 0.0, -1.4344953688135814e-15, -1.951175937831025e-18, -1.3626491890970589e-06, 1.9994662282573436e-10, 0.0, 0.0], 1652586762695.5942, 1634049354817.5518, 2790860088704.468], [[0.0, 6.793948102166458e-14, -2.1035296421326515e-13, -2.6419416713797387e-12, 0.0, -1.5105826581123297e-15, -2.2177866329760324e-18, -1.4312602934904651e-06, 1.9969590634331903e-10, 0.0, 0.0], 1699254203375.393, 1609287006527.2195, 2798764948889.9946]]
1 generation:
[[[0.0, 8.205211074083716e-14, -2.500378413186117e-13, -2.7864271271918657e-12, 0.0, -1.3327581021874787e-15, -1.936637059608155e-18, -1.4388177231022876e-06, 1.9073711368573936e-10, 0.0, 0.0], 1608280775940.4758, 1613350395800.1084, 2739146938958.4414], [[0.0, 7.85561999708599e-14, -2.2230984230409687e-13, -2.417538030541972e-12, 0.0, -1.4034483115022143e-15, -1.830431641878673e-18, -1.49272804371008e-06, 1.9482235685160177e-10, 0.0, 0.0], 1645599938235.3523, 1588648619867.7632, 2740568576632.51], [[0.0, 7.90339442662185e-14, -2.469155564295279e-13, -2.4231825058310147e-12, 0.0, -1.405745512241171e-15, -1.8338257513138956e-18, -1.4575372342168584e-06, 1.9476348429514309e-10, 0.0, 0.0], 1644346585987.1677, 1601079998374.5234, 2752122608565.541], [[0.0, 8.194940341975212e-14, -2.414837004386854e-13, -2.6319249801979783e-12, 0.0, -1.335251172986853e-15, -1.936993334687633e-18, -1.3780481480397239e-06, 1.9096279262399777e-10, 0.0, 0.0], 1606335356943.0696, 1636448343096.9946, 2760883092957.1436], [[0.0, 7.623911064109305e-14, -2.3130776400978846e-13, -2.664986784886035e-12, 0.0, -1.3171229374048388e-15, -1.882144156662834e-18, -1.3678034856369242e-06, 1.8214335445272984e-10, 0.0, 0.0], 1598001722226.5874, 1642607880295.6038, 2761209085854.215], [[0.0, 8.13840847926893e-14, -2.3113527261372576e-13, -2.6013763639534596e-12, 0.0, -1.3489734602258087e-15, -1.839376677372262e-18, -1.3759189662167276e-06, 1.9180494610019062e-10, 0.0, 0.0], 1612334981540.191, 1635721229255.4995, 2764355716333.633], [[0.0, 7.919892743582157e-14, -2.3127419897053655e-13, -2.42203212728467e-12, 0.0, -1.4020149760680332e-15, -1.8256396705533733e-18, -1.3654450249820573e-06, 1.9467273055150383e-10, 0.0, 0.0], 1636580368571.9102, 1634912100147.2583, 2780518358147.5957], [[0.0, 8.177337244424366e-14, -2.3131061055732307e-13, -2.685591020633236e-12, 0.0, -1.420349473181391e-15, -1.8869361279881337e-18, -1.368003499416504e-06, 1.965866740024283e-10, 0.0, 0.0], 1645788959410.604, 1632799802797.354, 2784852074384.777]]
2 generation:
[[[0.0, 8.13950857785646e-14, -2.3114022753647563e-13, -2.827685106779558e-12, 0.0, -1.2197575412170567e-15, -1.84072067285317e-18, -1.4805106569854682e-06, 1.9077667284840726e-10, 0.0, 0.0], 1563419073850.1548, 1612829796223.9739, 2707223147919.082], [[0.0, 8.205211074083716e-14, -2.500378413186117e-13, -2.7864271271918657e-12, 0.0, -1.3327581021874787e-15, -1.936637059608155e-18, -1.4388177231022876e-06, 1.9073711368573936e-10, 0.0, 0.0], 1608280775940.4758, 1613350395800.1084, 2739146938958.4414], [[0.0, 7.85561999708599e-14, -2.2230984230409687e-13, -2.417538030541972e-12, 0.0, -1.4034483115022143e-15, -1.830431641878673e-18, -1.49272804371008e-06, 1.9482235685160177e-10, 0.0, 0.0], 1645599938235.3523, 1588648619867.7632, 2740568576632.51], [[0.0, 7.79320232430946e-14, -2.1735915196011196e-13, -2.3516747964936025e-12, 0.0, -1.4160696815652156e-15, -1.7723320967083696e-18, -1.5023534517149784e-06, 1.9778977050502608e-10, 0.0, 0.0], 1652829984538.0488, 1584927049345.6487, 2741908038522.2827], [[0.0, 7.90339442662185e-14, -2.469155564295279e-13, -2.4231825058310147e-12, 0.0, -1.405745512241171e-15, -1.8338257513138956e-18, -1.4575372342168584e-06, 1.9476348429514309e-10, 0.0, 0.0], 1644346585987.1677, 1601079998374.5234, 2752122608565.541], [[0.0, 8.194940341975212e-14, -2.414837004386854e-13, -2.6319249801979783e-12, 0.0, -1.335251172986853e-15, -1.936993334687633e-18, -1.3780481480397239e-06, 1.9096279262399777e-10, 0.0, 0.0], 1606335356943.0696, 1636448343096.9946, 2760883092957.1436], [[0.0, 7.623911064109305e-14, -2.3130776400978846e-13, -2.664986784886035e-12, 0.0, -1.3171229374048388e-15, -1.882144156662834e-18, -1.3678034856369242e-06, 1.8214335445272984e-10, 0.0, 0.0], 1598001722226.5874, 1642607880295.6038, 2761209085854.215], [[0.0, 7.41353592529965e-14, -2.312484939235703e-13, -2.45521555001688e-12, 0.0, -1.3230732777750622e-15, -1.8281813797981945e-18, -1.3673829808713467e-06, 1.9414211465037213e-10, 0.0, 0.0], 1600554204492.0435, 1642194765019.6353, 2762582708164.0654]]
3 generation:
[[[0.0, 8.13950857785646e-14, -2.3114022753647563e-13, -2.827685106779558e-12, 0.0, -1.2197575412170567e-15, -1.84072067285317e-18, -1.4805106569854682e-06, 1.9077667284840726e-10, 0.0, 0.0], 1563419073850.1548, 1612829796223.9739, 2707223147919.082], [[0.0, 7.865849414967802e-14, -2.0546830033796423e-13, -2.4240011080717157e-12, 0.0, -1.4013923869497232e-15, -1.833644134446108e-18, -1.5813151971747287e-06, 1.9470600339410795e-10, 0.0, 0.0], 1650987104688.9167, 1557880757303.193, 2713571730585.4346], [[0.0, 8.149125676803028e-14, -2.329347618424487e-13, -2.690360910030733e-12, 0.0, -1.2397950360016219e-15, -1.857423437584383e-18, -1.4627339886345582e-06, 1.9442336255319187e-10, 0.0, 0.0], 1570454170341.9067, 1616640279300.5825, 2715958198539.917], [[0.0, 8.214636649214947e-14, -2.501353486332369e-13, -2.7977710656341113e-12, 0.0, -1.3304787437661313e-15, -1.939847802682856e-18, -1.456725011813648e-06, 1.9061137224965802e-10, 0.0, 0.0], 1608194863609.2285, 1606781341660.2722, 2732517746186.7324], [[0.0, 8.205211074083716e-14, -2.500378413186117e-13, -2.7864271271918657e-12, 0.0, -1.3327581021874787e-15, -1.936637059608155e-18, -1.4388177231022876e-06, 1.9073711368573936e-10, 0.0, 0.0], 1608280775940.4758, 1613350395800.1084, 2739146938958.4414], [[0.0, 7.85561999708599e-14, -2.2230984230409687e-13, -2.417538030541972e-12, 0.0, -1.4034483115022143e-15, -1.830431641878673e-18, -1.49272804371008e-06, 1.9482235685160177e-10, 0.0, 0.0], 1645599938235.3523, 1588648619867.7632, 2740568576632.51], [[0.0, 7.79320232430946e-14, -2.1735915196011196e-13, -2.3516747964936025e-12, 0.0, -1.4160696815652156e-15, -1.7723320967083696e-18, -1.5023534517149784e-06, 1.9778977050502608e-10, 0.0, 0.0], 1652829984538.0488, 1584927049345.6487, 2741908038522.2827], [[0.0, 7.90339442662185e-14, -2.469155564295279e-13, -2.4231825058310147e-12, 0.0, -1.405745512241171e-15, -1.8338257513138956e-18, -1.4575372342168584e-06, 1.9476348429514309e-10, 0.0, 0.0], 1644346585987.1677, 1601079998374.5234, 2752122608565.541]]
4 generation:
[[[0.0, 8.13950857785646e-14, -2.3114022753647563e-13, -2.827685106779558e-12, 0.0, -1.2197575412170567e-15, -1.84072067285317e-18, -1.4805106569854682e-06, 1.9077667284840726e-10, 0.0, 0.0], 1563419073850.1548, 1612829796223.9739, 2707223147919.082], [[0.0, 8.496343367583485e-14, -2.350076291441092e-13, -3.097493858620893e-12, 0.0, -1.2423003486335582e-15, -1.860902930144954e-18, -1.4756679059491623e-06, 1.9074301769042807e-10, 0.0, 0.0], 1571887192223.173, 1610967522346.7244, 2711288556902.9453], [[0.0, 7.865849414967802e-14, -2.0546830033796423e-13, -2.4240011080717157e-12, 0.0, -1.4013923869497232e-15, -1.833644134446108e-18, -1.5813151971747287e-06, 1.9470600339410795e-10, 0.0, 0.0], 1650987104688.9167, 1557880757303.193, 2713571730585.4346], [[0.0, 8.184389167115152e-14, -2.342113018656911e-13, -2.72313944766262e-12, 0.0, -1.220132773585692e-15, -1.860666389909165e-18, -1.4591303272962268e-06, 1.9437542504278278e-10, 0.0, 0.0], 1562881109177.1543, 1621537746539.2598, 2715554522963.2676], [[0.0, 8.149125676803028e-14, -2.329347618424487e-13, -2.690360910030733e-12, 0.0, -1.2397950360016219e-15, -1.857423437584383e-18, -1.4627339886345582e-06, 1.9442336255319187e-10, 0.0, 0.0], 1570454170341.9067, 1616640279300.5825, 2715958198539.917], [[0.0, 7.951742914495938e-14, -2.2230984230409685e-13, -2.64873703538366e-12, 0.0, -1.4034483115022143e-15, -1.830431641878673e-18, -1.5471009578851206e-06, 1.9482235685160177e-10, 0.0, 0.0], 1649507692978.2903, 1569618675442.1108, 2724274060526.914], [[0.0, 8.214636649214947e-14, -2.501353486332369e-13, -2.7977710656341113e-12, 0.0, -1.3304787437661313e-15, -1.939847802682856e-18, -1.456725011813648e-06, 1.9061137224965802e-10, 0.0, 0.0], 1608194863609.2285, 1606781341660.2722, 2732517746186.7324], [[0.0, 8.205211074083716e-14, -2.500378413186117e-13, -2.7864271271918657e-12, 0.0, -1.3327581021874787e-15, -1.936637059608155e-18, -1.4388177231022876e-06, 1.9073711368573936e-10, 0.0, 0.0], 1608280775940.4758, 1613350395800.1084, 2739146938958.4414]]
